<svg width="40" height="40" viewBox="0 0 40 40" fill="none" xmlns="http://www.w3.org/2000/svg">
<path d="M8.27576 9.29419L10.3448 5.84601L14.8007 8.23767C15.6232 8.67926 16.0306 9.6308 15.7828 10.5308L14.9551 13.3024L14.3662 13.8923L7.93091 10.0413L8.27576 9.29419Z" fill="#7877B1" fill-opacity="0.98"/>
<path d="M8.21875 9.29413L3.39117 16.8805L2.81592 17.8577L24.8276 29.9268L26.0917 30.5585L32.5291 30.6735H39.3104L39.2533 27.1066C39.253 25.2304 37.8028 23.6731 35.9312 23.5397L29.5981 23.0872L23.3912 12.7423V11.6391C23.3942 11.0297 22.9029 10.5328 22.2935 10.5298C22.1549 10.5289 22.0176 10.5545 21.8882 10.6046L14.8966 13.3026L8.21875 9.29413Z" fill="#FFCD69"/>
<path d="M23.4479 12.7422L20.6895 14.8113L27.5861 23.7768L29.6549 23.0871L23.4479 12.7422Z" fill="#7877B1" fill-opacity="0.98"/>
<path d="M13.1033 23.0871C12.7225 23.0875 12.4136 22.7789 12.4133 22.3981C12.413 22.193 12.5043 21.9983 12.662 21.8674L16.7999 18.4189C17.0929 18.1753 17.5281 18.215 17.7716 18.508C18.0154 18.8009 17.9758 19.2358 17.6828 19.4797L13.5449 22.9278C13.4207 23.031 13.2648 23.0875 13.1033 23.0871Z" fill="#6B9777"/>
<path d="M16.5518 25.1562C16.171 25.1565 15.8618 24.8477 15.8618 24.4668C15.8615 24.2572 15.957 24.0588 16.1206 23.9279L19.5691 21.1694C19.8663 20.9314 20.3006 20.9793 20.5386 21.2768C20.7767 21.5744 20.7285 22.0086 20.4312 22.2467L16.9827 25.0052C16.8604 25.1031 16.7084 25.1562 16.5518 25.1562Z" fill="#6B9777"/>
<path d="M20.5599 27.3978C20.179 27.3972 19.8705 27.088 19.8711 26.7072C19.8711 26.5268 19.9419 26.3541 20.0682 26.2253L22.2661 23.9838C22.5365 23.7155 22.9732 23.7177 23.2414 23.9881C23.5042 24.2533 23.5085 24.6793 23.2509 24.9494L21.0524 27.1909C20.9227 27.323 20.7451 27.3975 20.5599 27.3978Z" fill="#6B9777"/>
<path d="M6.68049 11.7941L9.54823 13.9258C10.891 14.9246 11.5859 16.5735 11.3634 18.2321L11.2255 21.3632L3.4563 16.8887L6.68049 11.7941Z" fill="#FFCD69"/>
<path d="M4.13788 26.5356H0.689697C0.308838 26.5356 0 26.2267 0 25.8459C0 25.465 0.308838 25.1562 0.689697 25.1562H4.13788C4.51874 25.1562 4.82758 25.465 4.82758 25.8459C4.82758 26.2267 4.51874 26.5356 4.13788 26.5356Z" fill="#A8D6DA"/>
<path d="M9.65515 30.6735H0.689697C0.308838 30.6735 0 30.3647 0 29.9838C0 29.603 0.308838 29.2941 0.689697 29.2941H9.65515C10.036 29.2941 10.3448 29.603 10.3448 29.9838C10.3448 30.3647 10.036 30.6735 9.65515 30.6735Z" fill="#A8D6DA"/>
<path d="M17.2415 34.8114H0.689697C0.308838 34.8114 0 34.5026 0 34.1217C0 33.7408 0.308838 33.432 0.689697 33.432H17.2415C17.6224 33.432 17.9309 33.7408 17.9309 34.1217C17.9309 34.5026 17.6224 34.8114 17.2415 34.8114Z" fill="#A8D6DA"/>
<path d="M0.689453 20.3287L25.5741 34.1218H35.8619C37.7662 34.1218 39.3101 32.5779 39.3101 30.6736V29.9839H26.2067L2.73413 16.475L0.689453 20.3287Z" fill="#EAEAE8"/>
<path d="M35.8619 34.1217C36.9422 34.1196 37.9584 33.6084 38.6045 32.7423H26.2067L1.4115 18.9673L0.689453 20.3287L25.5741 34.1217H35.8619Z" fill="#E4E4E2"/>
<path d="M36.0377 22.8523L30.0618 22.4253L26.1122 15.8461L24.1377 12.5514V11.6392C24.1383 10.6489 23.336 9.84569 22.3457 9.84508C22.1238 9.84478 21.9038 9.88597 21.6972 9.96593L16.0185 12.1565L16.4473 10.7164C16.7863 9.50572 16.2367 8.22246 15.1268 7.63225L10.6709 5.23845C10.3468 5.0645 9.94304 5.17559 9.75353 5.49083L3.21788 15.9571L3.07994 15.8772C2.74944 15.6874 2.32799 15.8015 2.13848 16.1317C2.1342 16.1387 2.13054 16.1457 2.12658 16.1531L0.0803717 20.0053C-0.0957147 20.3379 0.0269659 20.7502 0.356251 20.9321L25.2418 34.7255C25.344 34.7819 25.4591 34.8115 25.5757 34.8115H35.8619C38.1462 34.8094 39.9977 32.9579 39.9998 30.6736V27.1067C39.9925 24.8716 38.2667 23.0186 36.0377 22.8523ZM28.6204 22.7046L27.8331 22.9673L21.6618 14.944L23.2481 13.7529L28.6204 22.7046ZM10.5976 6.76464L14.4743 8.84532C15.0117 9.12914 15.2803 9.74773 15.1213 10.3343L14.5515 12.2544L10.5931 9.88048L9.22191 9.05773L10.5976 6.76464ZM6.51439 13.3467L6.86748 12.7949L9.13646 14.4825C10.2912 15.3495 10.8812 16.7775 10.6742 18.2066L10.5882 20.1997L4.42455 16.6474L6.51439 13.3467ZM35.8619 33.4321H25.753L1.6151 20.0529L3.00884 17.4321L25.8619 30.5818C25.9669 30.6422 26.0856 30.6739 26.2068 30.6736H38.6204C38.6204 32.1971 37.3854 33.4321 35.8619 33.4321ZM38.6204 29.2942H26.3908L21.6606 26.5709L23.2508 24.9495C23.5136 24.6736 23.5029 24.2372 23.2273 23.9744C22.957 23.7168 22.5309 23.7211 22.266 23.9839L20.4261 25.8598L17.8053 24.3495L20.4335 22.2468C20.731 22.0085 20.7792 21.5745 20.5412 21.277C20.3032 20.9794 19.8689 20.9315 19.5713 21.1695L16.5211 23.61L14.2756 22.3191L17.6826 19.4798C17.9753 19.2359 18.0152 18.8011 17.7714 18.5081C17.5276 18.2151 17.0927 18.1752 16.7997 18.419L13.0012 21.5852L11.9349 20.9715L12.0466 18.3238C12.3021 16.4167 11.5028 14.521 9.95891 13.3723L7.60936 11.6252L8.49712 10.2314L14.6019 13.8942C14.6836 13.9415 14.7746 13.9708 14.8686 13.9805C14.8854 13.9805 14.8997 13.986 14.9162 13.9872C14.933 13.9888 14.9433 13.9921 14.9562 13.9921C15.0416 13.9924 15.1265 13.9766 15.2061 13.946L22.1922 11.2513C22.3198 11.2028 22.4632 11.2196 22.5764 11.2962C22.6899 11.374 22.7574 11.5034 22.7565 11.641V12.3997L20.2735 14.2619C19.969 14.4908 19.9076 14.9229 20.1365 15.2275C20.1381 15.2296 20.1396 15.2314 20.1411 15.2336L27.0378 24.199C27.216 24.4325 27.5233 24.5265 27.8019 24.4328L29.7404 23.7867L35.9376 24.2295C37.4461 24.3409 38.6146 25.5943 38.6204 27.1067V29.2942Z" fill="black"/>
<path d="M4.13788 25.1562H0.689697C0.308838 25.1562 0 25.465 0 25.8459C0 26.2267 0.308838 26.5356 0.689697 26.5356H4.13788C4.51874 26.5356 4.82758 26.2267 4.82758 25.8459C4.82758 25.465 4.51874 25.1562 4.13788 25.1562Z" fill="black"/>
<path d="M0 29.9838C0 30.3647 0.308838 30.6735 0.689697 30.6735H9.65515C10.036 30.6735 10.3448 30.3647 10.3448 29.9838C10.3448 29.603 10.036 29.2941 9.65515 29.2941H0.689697C0.308838 29.2941 0 29.603 0 29.9838Z" fill="black"/>
<path d="M17.2415 33.432H0.689697C0.308838 33.432 0 33.7408 0 34.1217C0 34.5026 0.308838 34.8114 0.689697 34.8114H17.2415C17.6224 34.8114 17.9309 34.5026 17.9309 34.1217C17.9309 33.7408 17.6224 33.432 17.2415 33.432Z" fill="black"/>
</svg>
